Timestamp,Milliseconds,X,Y,Z,cos,headingAccuracy
2022-11-20 17:26:01,3,0.03797048,-0.01805837,-0.82170415,0.5683612,0.0
2022-11-20 17:26:01,41,0.03660667,-0.018535629,-0.82150334,0.5687254,0.0
2022-11-20 17:26:01,82,0.032225486,-0.014126091,-0.8227691,0.5672856,0.0
2022-11-20 17:26:01,121,0.031061701,-0.0134659875,-0.82361233,0.5661418,0.0
2022-11-20 17:26:01,161,0.032061994,-0.016504923,-0.8255232,0.56321496,0.0
2022-11-20 17:26:01,202,0.030146837,-0.018857157,-0.82650805,0.5618007,0.0
2022-11-20 17:26:01,241,0.028903892,-0.019521056,-0.8279235,0.55975544,0.0
2022-11-20 17:26:01,282,0.029013414,-0.020931305,-0.8297516,0.5569851,0.0
2022-11-20 17:26:01,322,0.031221943,-0.020893745,-0.8309499,0.5550774,0.0
2022-11-20 17:26:01,361,0.030387746,-0.019431613,-0.8315479,0.5542807,0.0
2022-11-20 17:26:01,401,0.029287018,-0.016604843,-0.83117735,0.5549872,0.0
2022-11-20 17:26:01,442,0.029900432,-0.016015112,-0.83141506,0.5546156,0.0
2022-11-20 17:26:01,481,0.030240264,-0.017236276,-0.83151126,0.55441636,0.0
2022-11-20 17:26:01,521,0.030682918,-0.017611466,-0.83184814,0.55387455,0.0
2022-11-20 17:26:01,561,0.029952439,-0.016383706,-0.83217305,0.553464,0.0
2022-11-20 17:26:01,601,0.030092178,-0.015236932,-0.83325857,0.5518536,0.0
2022-11-20 17:26:01,642,0.030643802,-0.015295256,-0.83395916,0.5507623,0.0
2022-11-20 17:26:01,681,0.030377682,-0.015433585,-0.83464557,0.54973245,0.0
2022-11-20 17:26:01,721,0.030295415,-0.01461238,-0.8349949,0.5492287,0.0
2022-11-20 17:26:01,762,0.02888651,-0.012452925,-0.83602774,0.54778475,0.0
2022-11-20 17:26:02,801,0.03001646,-0.012630604,-0.83703554,0.5461785,0.0
2022-11-20 17:26:02,841,0.031052388,-0.0131576285,-0.83730125,0.54570067,0.0
2022-11-20 17:26:02,882,0.031049144,-0.012265258,-0.8373725,0.5456124,0.0
2022-11-20 17:26:02,921,0.030441746,-0.011191724,-0.8375289,0.5454296,0.0
2022-11-20 17:26:02,961,0.0308614,-0.009888744,-0.8376564,0.5452353,0.0
2022-11-20 17:26:02,1002,0.03264415,-0.0119942445,-0.83755857,0.5452395,0.0
2022-11-20 17:26:02,1041,0.03186267,-0.011515312,-0.8381175,0.54443663,0.0
2022-11-20 17:26:02,1081,0.030994484,-0.011002111,-0.83852726,0.5438661,0.0
2022-11-20 17:26:02,1121,0.030925186,-0.011060306,-0.8389881,0.5431577,0.0
2022-11-20 17:26:02,1162,0.031143542,-0.010146576,-0.8398163,0.5418817,0.0
2022-11-20 17:26:02,1201,0.031268798,-0.009920415,-0.84030056,0.5411273,0.0
2022-11-20 17:26:02,1241,0.030772759,-0.009273284,-0.8407674,0.54044175,0.0
2022-11-20 17:26:02,1281,0.030837659,-0.008466282,-0.84127146,0.5396663,0.0
2022-11-20 17:26:02,1322,0.030523354,-0.007653137,-0.8420525,0.5384768,0.0
2022-11-20 17:26:02,1361,0.02997067,-0.00790953,-0.8427472,0.5374163,0.0
2022-11-20 17:26:02,1401,0.029485712,-0.007766198,-0.8436498,0.5360273,0.0
2022-11-20 17:26:02,1441,0.029430717,-0.008164567,-0.8443769,0.5348783,0.0
2022-11-20 17:26:02,1482,0.02896598,-0.007826813,-0.845368,0.533341,0.0
2022-11-20 17:26:02,1521,0.028499817,-0.0065898877,-0.8457577,0.5327647,0.0
2022-11-20 17:26:02,1562,0.02802458,-0.0056688422,-0.84643006,0.5317317,0.0
2022-11-20 17:26:02,1601,0.028536545,-0.0054015,-0.8467788,0.5311517,0.0
2022-11-20 17:26:02,1641,0.029311134,-0.007265421,-0.84699345,0.5307449,0.0
2022-11-20 17:26:02,1682,0.029310228,-0.007969044,-0.8472932,0.5302562,0.0
2022-11-20 17:26:02,1721,0.02823109,-0.007917123,-0.84782845,0.5294594,0.0
2022-11-20 17:26:02,1761,0.028056357,-0.0071769366,-0.848709,0.52806664,0.0
2022-11-20 17:26:03,1801,0.028501503,-0.008422596,-0.84897256,0.5276005,0.0
2022-11-20 17:26:03,1842,0.028099818,-0.008166909,-0.8493435,0.52702874,0.0
2022-11-20 17:26:03,1881,0.027661758,-0.008347903,-0.84969467,0.52648276,0.0
2022-11-20 17:26:03,1922,0.027919373,-0.008456757,-0.8495875,0.5266403,0.0
2022-11-20 17:26:03,1961,0.028305713,-0.0108546885,-0.8496946,0.5264029,0.0
2022-11-20 17:26:03,2001,0.027420677,-0.009708968,-0.8500055,0.52597004,0.0
2022-11-20 17:26:03,2042,0.026575107,-0.0085051665,-0.8507466,0.52483493,0.0
2022-11-20 17:26:03,2081,0.026716582,-0.0093655735,-0.8511448,0.524167,0.0
2022-11-20 17:26:03,2121,0.026881956,-0.009508595,-0.8512368,0.5240065,0.0
2022-11-20 17:26:03,2162,0.027508639,-0.010355934,-0.8513665,0.52374715,0.0
2022-11-20 17:26:03,2201,0.028636154,-0.010378025,-0.85165626,0.52321494,0.0
2022-11-20 17:26:03,2241,0.029908683,-0.010731995,-0.85219026,0.52226627,0.0
2022-11-20 17:26:03,2281,0.029776087,-0.01081777,-0.85218394,0.5222824,0.0
2022-11-20 17:26:03,2322,0.029434133,-0.010507418,-0.8527064,0.5214547,0.0
2022-11-20 17:26:03,2361,0.02998057,-0.009399158,-0.8529842,0.5209902,0.0
2022-11-20 17:26:03,2402,0.029751757,-0.009419524,-0.8533141,0.5204624,0.0
2022-11-20 17:26:03,2441,0.030101262,-0.008491727,-0.8535532,0.52006614,0.0
2022-11-20 17:26:03,2481,0.028959874,-0.0078120693,-0.85394204,0.51950294,0.0
2022-11-20 17:26:03,2522,0.029434185,-0.0071819914,-0.8542526,0.5189745,0.0
2022-11-20 17:26:03,2561,0.030024456,-0.0072738035,-0.8544782,0.51856786,0.0
2022-11-20 17:26:03,2602,0.030699842,-0.007928024,-0.85473424,0.5180965,0.0
2022-11-20 17:26:03,2641,0.030737014,-0.006996396,-0.85502183,0.517633,0.0
2022-11-20 17:26:03,2681,0.030272905,-0.006588577,-0.8552627,0.51726764,0.0
2022-11-20 17:26:03,2722,0.030389627,-0.005781519,-0.8558396,0.51631546,0.0
2022-11-20 17:26:03,2761,0.03097583,-0.006327531,-0.8559012,0.5161721,0.0
2022-11-20 17:26:04,2801,0.030710239,-0.005172297,-0.8562384,0.5156412,0.0
2022-11-20 17:26:04,2841,0.030603545,-0.0047226315,-0.8563619,0.5154468,0.0
2022-11-20 17:26:04,2881,0.030207051,-0.0036006572,-0.85663825,0.5150199,0.0
2022-11-20 17:26:04,2922,0.030214867,-0.0034772288,-0.8564184,0.5153858,0.0
2022-11-20 17:26:04,2961,0.030833341,-0.006482534,-0.85584337,0.5162746,0.0
2022-11-20 17:26:04,3001,0.030966423,-0.006524806,-0.8561904,0.5156904,0.0
2022-11-20 17:26:04,3041,0.031550664,-0.005917287,-0.8564492,0.5152323,0.0
2022-11-20 17:26:04,3081,0.032670062,-0.006747509,-0.8562321,0.51551306,0.0
2022-11-20 17:26:04,3122,0.033529576,-0.005976417,-0.8549829,0.51753676,0.0
2022-11-20 17:26:04,3161,0.033805452,-0.0054097786,-0.8528607,0.5210149,0.0
2022-11-20 17:26:04,3201,0.03445847,-0.0036165416,-0.85146743,0.5232616,0.0
2022-11-20 17:26:04,3241,0.03538878,-0.0040897317,-0.85011166,0.52539617,0.0
2022-11-20 17:26:04,3282,0.03639747,-0.0029100983,-0.8489476,0.52721417,0.0
2022-11-20 17:26:04,3321,0.034749392,-0.0027518405,-0.848095,0.5286963,0.0
2022-11-20 17:26:04,3361,0.032973345,0.0011352716,-0.8484282,0.5282813,0.0
2022-11-20 17:26:04,3401,0.03301331,0.002278691,-0.84808433,0.52882695,0.0
2022-11-20 17:26:04,3442,0.033126585,0.0011374658,-0.8472545,0.53015196,0.0
2022-11-20 17:26:04,3481,0.032296073,0.002281648,-0.84672123,0.5310508,0.0
2022-11-20 17:26:04,3521,0.031507913,8.876096E-4,-0.84634995,0.53169376,0.0
2022-11-20 17:26:04,3561,0.031051688,5.819765E-4,-0.84725904,0.5302712,0.0
2022-11-20 17:26:04,3601,0.032394275,-0.0012341511,-0.8482288,0.5286369,0.0
2022-11-20 17:26:04,3642,0.033131324,-0.0030416218,-0.8495523,0.52645415,0.0
2022-11-20 17:26:04,3681,0.033109665,-0.0031730453,-0.8509908,0.5241263,0.0
2022-11-20 17:26:04,3721,0.032783676,-0.0017413022,-0.85220015,0.5221849,0.0
2022-11-20 17:26:04,3761,0.03388244,-0.0051550367,-0.8530774,0.5206576,0.0
2022-11-20 17:26:05,3802,0.03364938,-0.008955432,-0.85459316,0.5181294,0.0
2022-11-20 17:26:05,3841,0.02646749,-0.005773067,-0.8582002,0.51259977,0.0
2022-11-20 17:26:05,3881,0.021196825,-4.5757057E-4,-0.8616513,0.5070577,0.0
2022-11-20 17:26:05,3921,0.019790286,0.0017669589,-0.8652652,0.50092053,0.0
2022-11-20 17:26:05,3961,0.019324256,0.0037059844,-0.86723083,0.49751732,0.0
2022-11-20 17:26:05,4001,0.019147176,0.0026621101,-0.8682126,0.49581575,0.0
2022-11-20 17:26:05,4041,0.017009208,0.0023077028,-0.8689859,0.49453905,0.0
2022-11-20 17:26:05,4082,0.01630424,0.0052626715,-0.86941147,0.49379164,0.0
2022-11-20 17:26:05,4121,0.01702182,0.0025883652,-0.86949354,0.49364418,0.0
2022-11-20 17:26:05,4161,0.015175269,0.0019321627,-0.86945295,0.49377888,0.0
2022-11-20 17:26:05,4202,0.012761381,0.004462482,-0.8697811,0.49325255,0.0
2022-11-20 17:26:05,4241,0.0127177425,0.0026941157,-0.86963016,0.4935326,0.0
2022-11-20 17:26:05,4281,0.012223323,0.002644972,-0.8694511,0.4938607,0.0
2022-11-20 17:26:05,4321,0.012586819,-7.439503E-5,-0.8688363,0.49493945,0.0
2022-11-20 17:26:05,4362,0.012707204,-0.002285521,-0.868231,0.4959922,0.0
2022-11-20 17:26:05,4401,0.014696189,-0.0020129508,-0.8680131,0.49631968,0.0
2022-11-20 17:26:05,4441,0.018395428,-0.0041900235,-0.8670603,0.4978458,0.0
2022-11-20 17:26:05,4481,0.01981143,-0.00505011,-0.86544114,0.50059325,0.0
2022-11-20 17:26:05,4522,0.018126922,0.0010754142,-0.86429733,0.50265336,0.0
2022-11-20 17:26:05,4561,0.019463662,0.0049965656,-0.8629358,0.5049139,0.0
2022-11-20 17:26:05,4601,0.02160219,0.0032224178,-0.861319,0.5075948,0.0
2022-11-20 17:26:05,4642,0.022453072,6.7775534E-4,-0.85850596,0.51231134,0.0
2022-11-20 17:26:05,4681,0.023044616,0.001036476,-0.8574533,0.5140445,0.0
2022-11-20 17:26:05,4722,0.02200222,3.280968E-4,-0.856165,0.51623374,0.0
2022-11-20 17:26:05,4761,0.021361869,0.0020986116,-0.8551017,0.51801574,0.0
2022-11-20 17:26:06,4802,0.021288931,0.002020262,-0.8542817,0.51937026,0.0
2022-11-20 17:26:06,4841,0.020568477,0.0033016824,-0.85319555,0.521175,0.0
2022-11-20 17:26:06,4882,0.0202145,0.0044517494,-0.8522116,0.52278763,0.0
2022-11-20 17:26:06,4921,0.020282216,0.0053916113,-0.8513328,0.52420616,0.0
2022-11-20 17:26:06,4961,0.020622108,0.0055816597,-0.8508537,0.52496815,0.0
2022-11-20 17:26:06,5002,0.021579446,0.0056678746,-0.85059327,0.52535063,0.0
2022-11-20 17:26:06,5041,0.02283865,0.0048746173,-0.85067594,0.52517146,0.0
2022-11-20 17:26:06,5082,0.022364512,0.001291101,-0.8505678,0.525388,0.0
2022-11-20 17:26:06,5121,0.020531254,-0.003633964,-0.85189694,0.52329427,0.0
2022-11-20 17:26:06,5161,0.018775333,-9.396011E-4,-0.85684246,0.5152355,0.0
2022-11-20 17:26:06,5202,0.020488791,0.006046295,-0.8616968,0.5069737,0.0
2022-11-20 17:26:06,5241,0.020535355,0.0041293064,-0.86468136,0.50188386,0.0
2022-11-20 17:26:06,5282,0.020178523,0.004054978,-0.865487,0.50050837,0.0
2022-11-20 17:26:06,5321,0.018317616,0.0044944803,-0.86660093,0.49864528,0.0
2022-11-20 17:26:06,5361,0.01658857,0.0077579333,-0.86915433,0.49420178,0.0
2022-11-20 17:26:06,5402,0.014747661,0.010340505,-0.87108487,0.49080217,0.0
2022-11-20 17:26:06,5441,0.014410835,0.00984092,-0.87257385,0.48817042,0.0
2022-11-20 17:26:06,5481,0.013786696,0.010649619,-0.8735525,0.48641807,0.0
2022-11-20 17:26:06,5522,0.012544385,0.010322874,-0.8732349,0.4870286,0.0
2022-11-20 17:26:06,5561,0.011625767,0.009825461,-0.87330323,0.48693916,0.0
2022-11-20 17:26:06,5601,0.010587405,0.008655403,-0.872627,0.4881957,0.0
2022-11-20 17:26:06,5641,0.010762411,0.004654358,-0.8713379,0.4905434,0.0
2022-11-20 17:26:06,5682,0.011172327,0.0021982756,-0.8701625,0.49263334,0.0
2022-11-20 17:26:06,5721,0.011641856,9.832277E-4,-0.86890596,0.49483925,0.0
2022-11-20 17:26:06,5761,0.014096417,-0.0014918676,-0.86780864,0.4966963,0.0
2022-11-20 17:26:07,5802,0.016851446,-0.004052027,-0.86648625,0.49890003,0.0
2022-11-20 17:26:07,5841,0.017268566,-0.0018379145,-0.86624455,0.4993183,0.0
2022-11-20 17:26:07,5881,0.0155685665,0.0043925354,-0.8663151,0.4992358,0.0
2022-11-20 17:26:07,5922,0.01291938,0.006579736,-0.8650948,0.50139886,0.0
2022-11-20 17:26:07,5961,0.014900073,0.0035118954,-0.86314017,0.5047323,0.0
2022-11-20 17:26:07,6001,0.016757753,-0.003732593,-0.85982746,0.510296,0.0
2022-11-20 17:26:07,6042,0.015144356,-0.0019369365,-0.85820377,0.5130821,0.0
2022-11-20 17:26:07,6081,0.016284814,3.8764343E-4,-0.8573889,0.5144112,0.0
2022-11-20 17:26:07,6121,0.016431771,-0.0010687504,-0.85609835,0.51655054,0.0
2022-11-20 17:26:07,6161,0.017499499,1.4641166E-4,-0.8551819,0.5180326,0.0
2022-11-20 17:26:07,6202,0.018523313,7.731029E-5,-0.8544183,0.5192555,0.0
2022-11-20 17:26:07,6241,0.018267356,9.015847E-4,-0.8545088,0.51911485,0.0
2022-11-20 17:26:07,6281,0.019930154,0.0014596691,-0.8533534,0.5209497,0.0
2022-11-20 17:26:07,6321,0.02037332,0.0021967695,-0.8527111,0.52198076,0.0
2022-11-20 17:26:07,6362,0.02057708,0.0042184135,-0.8523855,0.5224918,0.0
2022-11-20 17:26:07,6401,0.018957686,0.005076327,-0.8521283,0.52296484,0.0
2022-11-20 17:26:07,6441,0.01763765,0.0072574024,-0.85202265,0.5231574,0.0
2022-11-20 17:26:07,6482,0.018102998,0.0039597787,-0.8513394,0.5242879,0.0
2022-11-20 17:26:07,6521,0.018921768,-0.002225682,-0.8505519,0.5255459,0.0
2022-11-20 17:26:07,6561,0.018891897,-0.00498981,-0.8518643,0.523398,0.0
2022-11-20 17:26:07,6602,0.012002667,-0.00560445,-0.8537242,0.520557,0.0
2022-11-20 17:26:07,6641,0.006546057,-0.0019202838,-0.8571334,0.5150493,0.0
2022-11-20 17:26:07,6681,0.008528087,-0.0060201213,-0.8603413,0.5096115,0.0
2022-11-20 17:26:07,6722,0.010081869,-0.013491883,-0.86298865,0.5049425,0.0
2022-11-20 17:26:07,6761,0.009878492,-0.013224265,-0.8658981,0.4999481,0.0
2022-11-20 17:26:08,6801,0.012268077,-0.008506075,-0.8698517,0.49308735,0.0
2022-11-20 17:26:08,6841,0.01445622,-0.007320529,-0.8717905,0.48961082,0.0
2022-11-20 17:26:08,6882,0.017461391,-0.008129778,-0.8724173,0.48838216,0.0
2022-11-20 17:26:08,6921,0.017314257,-0.010184691,-0.87258613,0.48804706,0.0
2022-11-20 17:26:08,6961,0.016711392,-0.0076053,-0.8730298,0.48732102,0.0
2022-11-20 17:26:08,7002,0.01588485,-0.007412444,-0.8730711,0.48727775,0.0
2022-11-20 17:26:08,7041,0.013693507,-0.0072002755,-0.8734177,0.48672596,0.0
2022-11-20 17:26:08,7081,0.012451769,-0.0053891786,-0.8735127,0.4866123,0.0
2022-11-20 17:26:08,7122,0.0117165055,-0.0064326245,-0.87298584,0.48756236,0.0
2022-11-20 17:26:08,7161,0.011304363,-0.004872999,-0.8729879,0.4875864,0.0
2022-11-20 17:26:08,7201,0.011477507,-0.0039343317,-0.87171245,0.4898675,0.0
2022-11-20 17:26:08,7242,0.011114874,-0.001344291,-0.87169087,0.48992822,0.0
2022-11-20 17:26:08,7281,0.009368607,0.005031393,-0.87205875,0.48928562,0.0
2022-11-20 17:26:08,7322,0.009947668,0.0065331343,-0.8709533,0.4912216,0.0
2022-11-20 17:26:08,7361,0.011916718,0.004684034,-0.86975485,0.49331787,0.0
2022-11-20 17:26:08,7401,0.013459583,0.003377441,-0.86741626,0.49738964,0.0
2022-11-20 17:26:08,7441,0.013296645,0.00348359,-0.86645573,0.49906462,0.0
2022-11-20 17:26:08,7482,0.013430571,0.0039809262,-0.8658863,0.5000447,0.0
2022-11-20 17:26:08,7521,0.014951072,0.0016412629,-0.86436796,0.5026348,0.0
2022-11-20 17:26:08,7561,0.016123993,0.0021078626,-0.8636932,0.50375557,0.0
2022-11-20 17:26:08,7602,0.016483493,0.00430409,-0.86259025,0.50561625,0.0
2022-11-20 17:26:08,7641,0.01604711,0.0048759365,-0.8613939,0.5076605,0.0
2022-11-20 17:26:08,7681,0.016342485,0.006112329,-0.86025345,0.509568,0.0
2022-11-20 17:26:08,7722,0.01663521,0.0059702196,-0.85954344,0.51075697,0.0
2022-11-20 17:26:08,7761,0.017917449,0.007949828,-0.8593741,0.51097155,0.0
2022-11-20 17:26:09,7801,0.019243713,0.00720131,-0.8589806,0.5115957,0.0
2022-11-20 17:26:09,7841,0.019671923,0.0049245795,-0.8585955,0.51225245,0.0
2022-11-20 17:26:09,7881,0.019246843,0.005201394,-0.859328,0.51103616,0.0
2022-11-20 17:26:09,7922,0.020658376,4.2695788E-4,-0.86040545,0.50919104,0.0
2022-11-20 17:26:09,7961,0.019970609,-0.0013916142,-0.8628007,0.5051477,0.0
2022-11-20 17:26:09,8001,0.016388739,1.0847662E-4,-0.8658832,0.49997774,0.0
2022-11-20 17:26:09,8041,0.011891535,0.0015423044,-0.8705082,0.49200782,0.0
2022-11-20 17:26:09,8082,0.011517912,0.0019094822,-0.8747695,0.48439857,0.0
2022-11-20 17:26:09,8121,0.011143741,-8.852797E-4,-0.8773862,0.47965452,0.0
2022-11-20 17:26:09,8162,0.008831086,-0.003464092,-0.8791916,0.47637397,0.0
2022-11-20 17:26:09,8201,0.0068775257,-0.0019586068,-0.8810368,0.47299364,0.0
2022-11-20 17:26:09,8241,0.0064048516,-0.0032307254,-0.88134664,0.4724158,0.0
2022-11-20 17:26:09,8281,0.0053977803,-0.005231104,-0.8821808,0.47085086,0.0
2022-11-20 17:26:09,8322,0.0034542545,-0.0013533273,-0.883572,0.4682806,0.0
2022-11-20 17:26:09,8361,0.0034471499,-0.0010148489,-0.88474596,0.46605974,0.0
2022-11-20 17:26:09,8401,0.0032157558,-8.2217803E-4,-0.88555294,0.46452665,0.0
2022-11-20 17:26:09,8441,0.0020109038,-4.157011E-4,-0.88558334,0.464476,0.0
2022-11-20 17:26:09,8481,0.001439538,7.9453964E-4,-0.8863526,0.46300796,0.0
2022-11-20 17:26:09,8522,4.6792915E-4,-2.3130633E-4,-0.8863336,0.46304703,0.0
2022-11-20 17:26:09,8561,1.9515059E-5,-9.023668E-4,-0.88632804,0.46305704,0.0
2022-11-20 17:26:09,8601,5.9253327E-4,-0.0033271979,-0.885848,0.46396324,0.0
2022-11-20 17:26:09,8641,0.0014790372,-0.0047655497,-0.8849245,0.46570787,0.0
2022-11-20 17:26:09,8681,0.0017968212,-0.0037864575,-0.88355994,0.4682994,0.0
2022-11-20 17:26:09,8722,-6.2119705E-4,-9.1886766E-5,-0.8824555,0.47039542,0.0
2022-11-20 17:26:09,8761,-0.0018510578,0.0021269599,-0.8805701,0.47390753,0.0
2022-11-20 17:26:10,8801,-7.3179003E-4,-0.0034122842,-0.87751764,0.47953162,0.0
2022-11-20 17:26:10,8841,-3.9240601E-4,-0.004018824,-0.8764304,0.48151168,0.0
2022-11-20 17:26:10,8881,-8.076969E-5,-0.004143855,-0.8760014,0.4822907,0.0
2022-11-20 17:26:10,8923,-1.0188321E-5,-0.002866731,-0.8756879,0.48286906,0.0
2022-11-20 17:26:10,8961,0.0010939885,-0.00387699,-0.87468386,0.48467717,0.0
2022-11-20 17:26:10,9002,0.0032269675,-0.004975537,-0.87432796,0.48529932,0.0
2022-11-20 17:26:10,9041,0.005288961,-0.005731812,-0.87393314,0.48598364,0.0
2022-11-20 17:26:10,9081,0.006708055,-0.0036770268,-0.8734033,0.48693746,0.0
2022-11-20 17:26:10,9121,0.007940138,-7.909211E-4,-0.8736758,0.48644307,0.0
2022-11-20 17:26:10,9162,0.009518569,0.0013344641,-0.87415373,0.4855542,0.0
2022-11-20 17:26:10,9201,0.010521258,0.0031279312,-0.8744127,0.48505867,0.0
2022-11-20 17:26:10,9241,0.01005163,0.0057777152,-0.8747703,0.48439917,0.0
2022-11-20 17:26:10,9281,0.009272491,0.007390449,-0.8751898,0.48363444,0.0
2022-11-20 17:26:10,9322,0.009848487,0.0056803795,-0.87686604,0.4806004,0.0
2022-11-20 17:26:10,9361,0.008650283,0.0069179917,-0.87835777,0.4778755,0.0
2022-11-20 17:26:10,9401,0.00564014,0.009749855,-0.8806045,0.4737181,0.0
2022-11-20 17:26:10,9442,0.0012483092,0.012662823,-0.8829138,0.46936265,0.0
2022-11-20 17:26:10,9481,1.7468283E-4,0.015887676,-0.88531756,0.46471536,0.0
2022-11-20 17:26:10,9521,0.0013858404,0.01426596,-0.88691074,0.4617184,0.0
2022-11-20 17:26:10,9561,6.5608235E-4,0.012591981,-0.8880213,0.45962948,0.0
2022-11-20 17:26:10,9601,2.7242184E-4,0.013466471,-0.8894967,0.4567431,0.0
2022-11-20 17:26:10,9642,-7.166666E-4,0.012461123,-0.89106077,0.4537123,0.0
2022-11-20 17:26:10,9681,-0.0010176564,0.013875393,-0.89238757,0.45105523,0.0
2022-11-20 17:26:10,9721,-0.0015250525,0.012126849,-0.89275855,0.4503696,0.0
2022-11-20 17:26:10,9761,-0.0021468885,0.011230252,-0.8933034,0.44930866,0.0
2022-11-20 17:26:11,9801,-0.002013566,0.01078684,-0.89390016,0.44813183,0.0
2022-11-20 17:26:11,9841,-0.0022157477,0.010124458,-0.8941407,0.44766608,0.0
2022-11-20 17:26:11,9882,-0.001801924,0.011026603,-0.8941825,0.4475632,0.0
2022-11-20 17:26:11,9921,-0.0014805037,0.009484095,-0.89376116,0.44844046,0.0
2022-11-20 17:26:11,9962,-0.0019824347,0.0098316865,-0.8936525,0.44864756,0.0
2022-11-20 17:26:11,10001,-0.0018617718,0.0073939683,-0.8931106,0.44977263,0.0
2022-11-20 17:26:11,10041,6.3446765E-5,0.0051505133,-0.8920322,0.4519425,0.0
2022-11-20 17:26:11,10081,-7.9341314E-4,0.0056158914,-0.8906056,0.45474112,0.0
2022-11-20 17:26:11,10121,-0.0020913102,0.009162305,-0.8894172,0.45699978,0.0
2022-11-20 17:26:11,10162,-0.001446448,0.011059457,-0.88821465,0.45929334,0.0
2022-11-20 17:26:11,10201,-8.956082E-4,0.0111177405,-0.8858047,0.46392414,0.0
2022-11-20 17:26:11,10241,3.6270818E-4,0.00890653,-0.8840399,0.46732652,0.0
2022-11-20 17:26:11,10282,0.0012612607,0.008159403,-0.8829306,0.46943098,0.0
2022-11-20 17:26:11,10321,0.0036688424,0.008655153,-0.882307,0.47058043,0.0
2022-11-20 17:26:11,10361,0.00560529,0.0068688556,-0.8806667,0.47365347,0.0
2022-11-20 17:26:11,10401,0.006708022,0.00739057,-0.8792178,0.47631544,0.0
2022-11-20 17:26:11,10441,0.006389289,0.007718296,-0.87791014,0.4787206,0.0
2022-11-20 17:26:11,10481,0.0059406045,0.009169774,-0.8767396,0.4808412,0.0
2022-11-20 17:26:11,10521,0.0064232256,0.010260335,-0.8757043,0.48269606,0.0
2022-11-20 17:26:11,10561,0.0074597704,0.010675344,-0.8747308,0.48443413,0.0
2022-11-20 17:26:11,10601,0.008094722,0.011941871,-0.87397075,0.48576435,0.0
2022-11-20 17:26:11,10642,0.008528301,0.013239893,-0.87356514,0.48645243,0.0
2022-11-20 17:26:11,10681,0.008955715,0.014425845,-0.8737034,0.4861625,0.0
2022-11-20 17:26:11,10721,0.0073791253,0.015487843,-0.87403744,0.48555562,0.0
2022-11-20 17:26:11,10761,0.006301498,0.015700506,-0.87487996,0.48404425,0.0
2022-11-20 17:26:12,10802,0.0051416005,0.015343975,-0.8768334,0.48052192,0.0
2022-11-20 17:26:12,10841,0.0023966425,0.017815657,-0.87866956,0.4770919,0.0
2022-11-20 17:26:12,10881,-0.0021239172,0.020245148,-0.880371,0.4738487,0.0
2022-11-20 17:26:12,10922,-0.005095343,0.020523934,-0.88267785,0.4695025,0.0
2022-11-20 17:26:12,10961,-0.0029670387,0.018521668,-0.8856537,0.4639674,0.0
2022-11-20 17:26:12,11001,-0.0022894111,0.015536519,-0.88841707,0.4587685,0.0
2022-11-20 17:26:12,11041,-0.0020472372,0.015959447,-0.8905254,0.45464894,0.0
2022-11-20 17:26:12,11081,-6.150987E-4,0.013304833,-0.89167994,0.4524704,0.0
2022-11-20 17:26:12,11122,-4.692302E-4,0.012935217,-0.8926896,0.45048618,0.0
2022-11-20 17:26:12,11161,0.0021007818,0.011976646,-0.89355206,0.44879487,0.0
2022-11-20 17:26:12,11201,0.002683048,0.009376438,-0.89422745,0.44750658,0.0
2022-11-20 17:26:12,11241,0.0032271284,0.009203669,-0.89607793,0.44378957,0.0
2022-11-20 17:26:12,11281,0.0039281757,0.006109422,-0.8971064,0.44175485,0.0
2022-11-20 17:26:12,11321,0.003406939,0.0039885086,-0.89791715,0.44013324,0.0
2022-11-20 17:26:12,11361,0.0022940966,0.0025294817,-0.89814776,0.43968046,0.0
2022-11-20 17:26:12,11401,7.3583267E-4,0.002973805,-0.8971385,0.44173875,0.0
2022-11-20 17:26:12,11441,0.0010186251,0.0019281955,-0.8952486,0.44556162,0.0
2022-11-20 17:26:12,11482,0.0017766942,6.3646096E-4,-0.89354247,0.4489747,0.0
2022-11-20 17:26:12,11521,9.787501E-4,0.0045528156,-0.8923666,0.4512872,0.0
2022-11-20 17:26:12,11561,0.0016620795,0.011398663,-0.8905068,0.45482412,0.0
2022-11-20 17:26:12,11601,3.1169035E-4,0.0126910815,-0.888433,0.45883077,0.0
2022-11-20 17:26:12,11641,0.0025765663,0.009665482,-0.8853287,0.46485808,0.0
2022-11-20 17:26:12,11682,0.0023844584,0.0030910156,-0.8823975,0.47048852,0.0
2022-11-20 17:26:12,11721,0.0025216572,0.0035813032,-0.8820362,0.47116128,0.0
2022-11-20 17:26:12,11761,0.0052604824,0.0019741706,-0.8808322,0.4733953,0.0
2022-11-20 17:26:13,11802,0.0070297914,0.0033899539,-0.87956214,0.47571996,0.0
2022-11-20 17:26:13,11841,0.008610767,0.0038737908,-0.8790439,0.47664735,0.0
2022-11-20 17:26:13,11881,0.014801786,5.0277845E-4,-0.8775453,0.47926497,0.0
2022-11-20 17:26:13,11921,0.018962149,-0.003907066,-0.87595516,0.4820039,0.0
2022-11-20 17:26:13,11962,0.023023158,-0.0032190941,-0.87496734,0.4836236,0.0
2022-11-20 17:26:13,12001,0.027128292,-0.0054759197,-0.8742147,0.48475012,0.0
2022-11-20 17:26:13,12041,0.031067226,-0.0079014795,-0.8746233,0.4837422,0.0
2022-11-20 17:26:13,12082,0.0358993,-0.015440436,-0.87503386,0.4824817,0.0
2022-11-20 17:26:13,12121,0.03901424,-0.02188411,-0.87534153,0.4814314,0.0
2022-11-20 17:26:13,12162,0.03995478,-0.020262185,-0.87708676,0.47823828,0.0
2022-11-20 17:26:13,12201,0.03798892,-0.021969661,-0.87852347,0.47567922,0.0
2022-11-20 17:26:13,12242,0.038737804,-0.022095868,-0.87904775,0.47464323,0.0
2022-11-20 17:26:13,12281,0.038737804,-0.022095868,-0.87904775,0.47464323,0.0
2022-11-20 17:26:13,12321,0.038737804,-0.022095868,-0.87904775,0.47464323,0.0
